* geometry
o  1 H  01   1         0.0000000000        0.0000000000       -1.6455839766
o  2 F  02   1         0.0000000000        0.0000000000        0.0872947549
* AO list
 H  01   1  1  1  S       4    2    1
 H  01   1  1  1  S       4    2    2
 F  02   1  1  1  S      10    3    1
 F  02   1  1  1  S      10    3    2
 F  02   1  1  1  S      10    3    3
 F  02   1  3  1  X       4    2    1
 F  02   1  3  1  X       4    2    2
 F  02   1  3  2  Y       4    2    1
 F  02   1  3  2  Y       4    2    2
 F  02   1  3  3  Z       4    2    1
 F  02   1  3  3  Z       4    2    2
 F  02   1  6  1  XX      1    1    1
 F  02   1  6  2  XY      1    1    1
 F  02   1  6  3  XZ      1    1    1
 F  02   1  6  4  YY      1    1    1
 F  02   1  6  5  YZ      1    1    1
 F  02   1  6  6  ZZ      1    1    1
* end
