* start
    1    1    1    1    1    1    1  1.0  1.0
    1    1    1    1    1  1.0    1  1.0
    2    1    1    1    2    1    2  1.0  1.0
    2    1    2    1    2  1.0    1  1.0
    3    1    1    1    3    1    3  1.0  1.0
    3    1    3    1    3  1.0    1  1.0
    4    1    1    1    4    1    4  1.0  1.0
    4    1    4    1    4  1.0    1  1.0
    5    1    1    1    5    1    5  1.0  1.0
    5    1    5    1    5  1.0    1  1.0
    6    1    3    3    6    1   10  1.0  1.0
    6    1    6    1   10  1.0    3  0.0  0.0  1.0
    7    1    3    3    7    1   11  1.0  1.0
    7    1    7    1   11  1.0    3  0.0  0.0  1.0
    8    1    6    1    8    1   12  1.0 -1.0
    8    1    6    4    8    2   15  1.0 -1.0
    8    1    6    6    8    3   17  1.0  2.0
    8    1    8    3   17  1.0    6 -1.0  0.0  0.0 -1.0  0.0  2.0
    9    1    6    1    9    1   12  1.0  1.0
    9    1    6    4    9    2   15  1.0 -1.0
    9    1    9    2   15  1.0    6  1.0  0.0  0.0 -1.0  0.0  0.0
   10    1    6    1 1000    1   12  1.0  1.0
   10    1    6    4 1000    2   15  1.0  1.0
   10    1    6    6 1000    3   17  1.0  1.0
   10    1 1000    3   17  1.0    6  1.0  0.0  0.0  1.0  0.0  1.0
   11    1    3    1   10    1    6  1.0  1.0
   11    1   10    1    6  1.0    3  1.0  0.0  0.0
   12    1    3    1   11    1    7  1.0  1.0
   12    1   11    1    7  1.0    3  1.0  0.0  0.0
   13    1    6    3   12    1   14  1.0  1.0
   13    1   12    1   14  1.0    6  0.0  0.0  1.0  0.0  0.0  0.0
   14    1    3    2   13    1    8  1.0  1.0
   14    1   13    1    8  1.0    3  0.0  1.0  0.0
   15    1    3    2   14    1    9  1.0  1.0
   15    1   14    1    9  1.0    3  0.0  1.0  0.0
   16    1    6    5   15    1   16  1.0  1.0
   16    1   15    1   16  1.0    6  0.0  0.0  0.0  0.0  1.0  0.0
   17    1    6    2   16    1   13  1.0  1.0
   17    1   16    1   13  1.0    6  0.0  1.0  0.0  0.0  0.0  0.0
* end
