Trans1
   1   1
   2   2
   3   3
   4   4
   5   5
   6   6
   7   7
   8   8
   9   9
  10****
  11  10
  12  11
  13  12
  14  13
  15  14
  16  15
  17  16
 test1
   1    1  1.0000000
   1    2  1.0000000
   1    3  1.0000000
   1    4  1.0000000
   1    5  1.0000000
   1   10  1.0000000
   1   11  1.0000000
   1   12  1.0000000
   1   15  1.0000000
   1   17  1.0000000
   1    6  1.0000000
   1    7  1.0000000
   1   14  1.0000000
   1    8  1.0000000
   1    9  1.0000000
   1   16  1.0000000
   1   13  1.0000000
