     3     1     1     0
     3     1     1     0
        0.0006453353        0.1127072633       -0.2560495357        0.1009172339
        0.0016857316       -0.0122808986       -0.1015471660        1.3676001093
        0.9955186924       -0.2316862053       -0.0557604075        0.0643328089
        0.0214101136        0.4962642056        0.1312671742       -0.0790005654
       -0.0059549166        0.5408580006        0.2090873461       -0.7437477001
       -0.0012002579       -0.0676307724        0.5528326094        0.2550557119
        0.0014421923       -0.0488260734        0.3734163597        0.4556574098
       -0.0001142396        0.0053516699       -0.0112405957       -0.0045476524
        0.0000000000       -0.0000000000        0.0000000000       -0.0000000000
        1.2309795952        0.2772286471       -0.0838784284       -0.0000000001
       -0.7630949413        0.0919837055       -0.7186317156       -0.0000000009
        0.0327553912        0.0590895969        0.0907099084        0.0000000001
       -0.1181423249       -0.5638004130       -1.4366082414       -0.0000000022
        0.0111885467        0.3900897401        1.8278481657        0.0000000028
        0.3826022434       -0.8397321864        0.3527108194        0.0000000003
        0.2471811128        1.1136102413       -0.6684774665       -0.0000000008
        0.0546243250        0.0260793533       -0.0834389578       -0.0000000001
        0.0000000000       -0.0000000001       -0.0000000008        0.5000000000
        1.4886763967
       -0.0340284898
        0.0007188680
        0.5562328443
       -1.0896345735
       -0.1945210550
        1.0175917380
       -0.3498019059
       -0.0000000000
        0.6589290709       -0.9473447170       -0.0287251771
        0.4914232379        1.0423855718        0.0664092616
       -0.0285618420       -0.0501375512        0.9983338355
        0.6589290682       -0.9473447189       -0.0287251769
        0.4914232408        1.0423855704        0.0664092616
       -0.0285618424       -0.0501375510        0.9983338355
        1.0000000000
