     3     1     1     0
     3     1     1     0
        0.0003007870        0.1323515362       -0.2930221528        0.0956750295
        0.0017707306       -0.0139532894       -0.1078229333        1.3594322140
        0.9955131409       -0.2305214954       -0.0617383749        0.0630423181
        0.0213671634        0.4972290540        0.1370024978       -0.0798794472
       -0.0058248222        0.5294748526        0.2440972426       -0.7310416910
       -0.0014875069       -0.0842549723        0.5483055546        0.2668777580
        0.0013999026       -0.0470927641        0.3496881729        0.4490145237
        1.3942601224        0.4136205957       -0.4970470018
       -0.8297127880        0.0438295592       -0.6582423919
        0.0355408915        0.0636248850        0.0852375739
       -0.1266160183       -0.5807682667       -1.5107276867
       -0.0009876572        0.3778909933        2.0268585914
        0.4120295107       -0.8264154408        0.3881137957
        0.2792427837        1.1636370241       -0.9224121098
        0.6604883653       -0.9466941367
        0.4902004864        1.0450732760
        0.6604883660       -0.9466941362
        0.4902004857        1.0450732763
