     11     11      0      7      2      2      0
        0.0003007870        0.1323515362       -0.2930221528        0.0956750295
        0.0017707306       -0.0139532894       -0.1078229333        1.3594322140
        0.9955131409       -0.2305214954       -0.0617383749        0.0630423181
        0.0213671634        0.4972290540        0.1370024978       -0.0798794472
       -0.0058248222        0.5294748526        0.2440972426       -0.7310416910
        0.0000000000        0.0000000000        0.0000000000        0.0000000000
        0.0000000000        0.0000000000        0.0000000000        0.0000000000
       -0.0014875069       -0.0842549723        0.5483055546        0.2668777580
        0.0000000000        0.0000000000        0.0000000000        0.0000000000
        0.0000000000        0.0000000000        0.0000000000        0.0000000000
        0.0013999026       -0.0470927641        0.3496881729        0.4490145237
        1.3942601224        0.4136205957       -0.4970470018        0.0000000000
       -0.8297127880        0.0438295592       -0.6582423919        0.0000000000
        0.0355408915        0.0636248850        0.0852375739        0.0000000000
       -0.1266160183       -0.5807682667       -1.5107276867        0.0000000000
       -0.0009876572        0.3778909933        2.0268585914        0.0000000000
        0.0000000000        0.0000000000        0.0000000000        0.6604883653
        0.0000000000        0.0000000000        0.0000000000        0.0000000000
        0.4120295107       -0.8264154408        0.3881137957        0.0000000000
        0.0000000000        0.0000000000        0.0000000000        0.4902004864
        0.0000000000        0.0000000000        0.0000000000        0.0000000000
        0.2792427837        1.1636370241       -0.9224121098        0.0000000000
        0.0000000000        0.0000000000        0.0000000000
        0.0000000000        0.0000000000        0.0000000000
        0.0000000000        0.0000000000        0.0000000000
        0.0000000000        0.0000000000        0.0000000000
        0.0000000000        0.0000000000        0.0000000000
       -0.9466941367        0.0000000000        0.0000000000
        0.0000000000        0.6604883660       -0.9466941362
        0.0000000000        0.0000000000        0.0000000000
        1.0450732760        0.0000000000        0.0000000000
        0.0000000000        0.4902004857        1.0450732763
        0.0000000000        0.0000000000        0.0000000000
  2      -26.2757157170
  2       -1.5896069501
  2       -0.7389758397
  0        0.2096937042
  0        1.1168151228
  0        1.5932022807
  0        2.0061121496
  2       -0.6310314367
  0        1.4894686923
  2       -0.6310314373
  0        1.4894686916
                     1
                     1
                     1
                     1
                     1
                     2
                     3
                     4
                     2
                     3
                     4
  1.007629574859732E-016  0.000000000000000E+000  -1.64558397663928     
 -5.345262107772291E-018  0.000000000000000E+000  8.729475488759486E-002
                     1
                     2
