* geometry
o  1 H  01   1         0.0000000000       -1.4229700821        0.9528199545
c  2 H 01   3         0.0000000000        1.4229700821        0.9528199545
o  3 O  02   1         0.0000000000        0.0000000000       -0.1200726695
* AO list
 H  01   1  1  1  S       4    2    1
 H  01   3  1  1  S       4    2    1
 H  01   1  1  1  S       4    2    2
 H  01   3  1  1  S       4    2    2
 O  02   1  1  1  S      10    3    1
 O  02   1  1  1  S      10    3    2
 O  02   1  1  1  S      10    3    3
 O  02   1  3  1  X       4    2    1
 O  02   1  3  1  X       4    2    2
 O  02   1  3  2  Y       4    2    1
 O  02   1  3  2  Y       4    2    2
 O  02   1  3  3  Z       4    2    1
 O  02   1  3  3  Z       4    2    2
* end
