     13     13      0      7      2      4      0
        0.0000767073        0.1435777737        0.1413183546       -0.0556023944
        0.0020298951       -0.0090148843        0.0760173216       -1.0061080871
        0.9957701890       -0.2122936006        0.0754783391       -0.0857393218
        0.0220385160        0.4687483993       -0.1793588847        0.1036978703
       -0.0081324956        0.4742434672       -0.3063852047        1.2105182136
        0.0000000000        0.0000000000        0.0000000000        0.0000000000
        0.0000000000        0.0000000000        0.0000000000        0.0000000000
        0.0021046036        0.1137133091        0.5541544147        0.2225700579
        0.0000000000        0.0000000000        0.0000000000        0.0000000000
        0.0000000000        0.0000000000        0.0000000000        0.0000000000
       -0.0019192314        0.0588158935        0.4057730226        0.4658941960
        0.0000767073        0.1435777737        0.1413183546       -0.0556023944
        0.0020298951       -0.0090148843        0.0760173216       -1.0061080871
       -0.6370035206       -0.7869958522       -0.4454323221        0.0000000000
        0.4837927437        0.2155701005       -0.6395625025        0.0000000000
       -0.0283303956       -0.0821010893        0.0549997445        0.0000000000
        0.1096237524        0.4670187334       -1.6867445529        0.0000000000
       -0.1197969004       -0.0159038550        2.8050888706        0.0000000000
        0.0000000000        0.0000000000        0.0000000000        0.6412090458
        0.0000000000        0.0000000000        0.0000000000        0.0000000000
        0.8687680900       -0.4649140309       -0.1828947127        0.0000000000
        0.0000000000        0.0000000000        0.0000000000        0.5104446123
        0.0000000000        0.0000000000        0.0000000000        0.0000000000
       -0.5778037929        1.0734875927        0.8358958904        0.0000000000
       -0.6370035206       -0.7869958522       -0.4454323221        0.0000000000
        0.4837927437        0.2155701005       -0.6395625025        0.0000000000
        0.0000000000       -0.2663304631        0.0356057878        0.9799223302
        0.0000000000       -0.1190740592        1.4136298471       -0.4165804799
        0.0000000000        0.0000000000        0.0000000000        0.0000000000
        0.0000000000        0.0000000000        0.0000000000        0.0000000000
        0.0000000000        0.0000000000        0.0000000000        0.0000000000
       -0.9617159930        0.0000000000        0.0000000000        0.0000000000
        0.0000000000        0.5075392818        0.3318515256        0.0861007486
        0.0000000000        0.0000000000        0.0000000000        0.0000000000
        1.0370597810        0.0000000000        0.0000000000        0.0000000000
        0.0000000000        0.2637616626        0.8331957663        0.8463743098
        0.0000000000        0.0000000000        0.0000000000        0.0000000000
        0.0000000000        0.2663304631       -0.0356057878       -0.9799223302
        0.0000000000        0.1190740592       -1.4136298471        0.4165804799
       -0.1271556124
        0.9438024502
        0.0000000000
        0.0000000000
        0.0000000000
        0.0000000000
       -1.0398680683
        0.0000000000
        0.0000000000
        1.5303608521
        0.0000000000
        0.1271556124
       -0.9438024502
  2      -20.5564893592
  2       -1.3624580717
  2       -0.5599012371
  0        0.2074351295
  0        1.2008483440
  0        1.2118706422
  0        1.6918994711
  2       -0.5014966912
  0        1.1649709070
  2       -0.7208847584
  0        0.3038788922
  0        1.0716108468
  0        1.3860765901
                     1
                     1
                     1
                     1
                     1
                     2
                     3
                     4
                     2
                     3
                     4
                     1
                     1
  0.000000000000000E+000  -1.42297008213143       0.952819954519405     
  0.000000000000000E+000  1.457167719820518E-016 -0.120072669450909     
  0.000000000000000E+000   1.42297008213143       0.952819954519405     
                     1
                     3
                     2
