INTGRL        1    0    1    0    0    0    0    0    0
         *** ACES2 Program System (Release V0.1) *** 
RHF CCSDT-1 SINGLE POINT CALCULATION
    3    2 X  Y       0.10E-13              0    0
   9999.00      3.00
          1.00000000    1    1    1
H 01      0.000000000000     -1.422970082131      0.952819954519
    4    2
   18.7311370000000       3.349460000000000E-002  0.000000000000000E+000
   2.82539400000000       0.234727000000000       0.000000000000000E+000
  0.640122000000000       0.813757300000000       0.000000000000000E+000
  0.161278000000000       0.000000000000000E+000   1.00000000000000     
          8.00000000    1    2    1    1
O 02      0.000000000000      0.000000000000     -0.120072669451
   10    3
   5484.67170000000       1.831100000000000E-003  0.000000000000000E+000
  0.000000000000000E+000
   825.234950000000       1.395010000000000E-002  0.000000000000000E+000
  0.000000000000000E+000
   188.046960000000       6.844509999999999E-002  0.000000000000000E+000
  0.000000000000000E+000
   52.9645000000000       0.232714300000000       0.000000000000000E+000
  0.000000000000000E+000
   16.8975700000000       0.470193000000000       0.000000000000000E+000
  0.000000000000000E+000
   5.79963500000000       0.358520900000000       0.000000000000000E+000
  0.000000000000000E+000
   15.5396160000000       0.000000000000000E+000 -0.110777500000000     
  0.000000000000000E+000
   3.59993400000000       0.000000000000000E+000 -0.148026300000000     
  0.000000000000000E+000
   1.01376200000000       0.000000000000000E+000   1.13076700000000     
  0.000000000000000E+000
  0.270006000000000       0.000000000000000E+000  0.000000000000000E+000
   1.00000000000000     
    4    2
   15.5396160000000       7.087430000000000E-002  0.000000000000000E+000
   3.59993400000000       0.339752800000000       0.000000000000000E+000
   1.01376200000000       0.727158600000000       0.000000000000000E+000
  0.270006000000000       0.000000000000000E+000   1.00000000000000     
          1.00000000    1    1    1
H 03      0.000000000000      1.422970082131      0.952819954519
    4    2
   18.7311370000000       3.349460000000000E-002  0.000000000000000E+000
   2.82539400000000       0.234727000000000       0.000000000000000E+000
  0.640122000000000       0.813757300000000       0.000000000000000E+000
  0.161278000000000       0.000000000000000E+000   1.00000000000000     
FINISH
