     3     1     1     0
     3     1     1     0
        0.0000767073        0.1435777737        0.1413183546       -0.0556023944
        0.0020298951       -0.0090148843        0.0760173216       -1.0061080871
        0.9957701890       -0.2122936006        0.0754783391       -0.0857393218
        0.0220385160        0.4687483993       -0.1793588847        0.1036978703
       -0.0081324956        0.4742434672       -0.3063852047        1.2105182136
        0.0021046036        0.1137133091        0.5541544147        0.2225700579
       -0.0019192314        0.0588158935        0.4057730226        0.4658941960
       -0.6370035206       -0.7869958522       -0.4454323221
        0.4837927437        0.2155701005       -0.6395625025
       -0.0283303956       -0.0821010893        0.0549997445
        0.1096237524        0.4670187334       -1.6867445529
       -0.1197969004       -0.0159038550        2.8050888706
        0.8687680900       -0.4649140309       -0.1828947127
       -0.5778037929        1.0734875927        0.8358958904
        0.6412090458       -0.9617159930
        0.5104446123        1.0370597810
       -0.2663304631        0.0356057878        0.9799223302       -0.1271556124
       -0.1190740592        1.4136298471       -0.4165804799        0.9438024502
        0.5075392818        0.3318515256        0.0861007486       -1.0398680683
        0.2637616626        0.8331957663        0.8463743098        1.5303608521
