     16     17      0      9      3      3      1
        0.0006453353        0.1127072633       -0.2560495357        0.1009172339
        0.0016857316       -0.0122808986       -0.1015471660        1.3676001093
        0.9955186924       -0.2316862053       -0.0557604075        0.0643328089
        0.0214101136        0.4962642056        0.1312671742       -0.0790005654
       -0.0059549166        0.5408580006        0.2090873461       -0.7437477001
        0.0000000000        0.0000000000        0.0000000000        0.0000000000
        0.0000000000        0.0000000000        0.0000000000        0.0000000000
       -0.0012002579       -0.0676307724        0.5528326094        0.2550557119
        0.0000000000        0.0000000000        0.0000000000        0.0000000000
        0.0000000000        0.0000000000        0.0000000000        0.0000000000
        0.0014421923       -0.0488260734        0.3734163597        0.4556574098
        0.0001142396       -0.0053516699        0.0112405958        0.0045476524
        0.0000000000        0.0000000000        0.0000000000        0.0000000000
        0.0000000000        0.0000000000        0.0000000000        0.0000000000
        0.0001142396       -0.0053516699        0.0112405957        0.0045476524
        0.0000000000        0.0000000000        0.0000000000        0.0000000000
       -0.0002284793        0.0107033398       -0.0224811915       -0.0090953048
        1.2309795952        0.2772286471       -0.0838784284       -0.0000000001
       -0.7630949413        0.0919837055       -0.7186317156       -0.0000000009
        0.0327553912        0.0590895969        0.0907099084        0.0000000001
       -0.1181423249       -0.5638004130       -1.4366082414       -0.0000000022
        0.0111885467        0.3900897401        1.8278481657        0.0000000028
        0.0000000000        0.0000000000        0.0000000000        0.0000000000
        0.0000000000        0.0000000000        0.0000000000        0.0000000000
        0.3826022434       -0.8397321864        0.3527108194        0.0000000003
        0.0000000000        0.0000000000        0.0000000000        0.0000000000
        0.0000000000        0.0000000000        0.0000000000        0.0000000000
        0.2471811128        1.1136102413       -0.6684774665       -0.0000000008
       -0.0546243249       -0.0260793534        0.0834389570        0.5000000001
        0.0000000000        0.0000000000        0.0000000000        0.0000000000
        0.0000000000        0.0000000000        0.0000000000        0.0000000000
       -0.0546243250       -0.0260793532        0.0834389585       -0.4999999999
        0.0000000000        0.0000000000        0.0000000000        0.0000000000
        0.1092486499        0.0521587065       -0.1668779156       -0.0000000003
        1.4886763967        0.0000000000        0.0000000000        0.0000000000
       -0.0340284898        0.0000000000        0.0000000000        0.0000000000
        0.0007188680        0.0000000000        0.0000000000        0.0000000000
        0.5562328443        0.0000000000        0.0000000000        0.0000000000
       -1.0896345735        0.0000000000        0.0000000000        0.0000000000
        0.0000000000        0.6589290709       -0.9473447170       -0.0287251771
        0.0000000000        0.0000000000        0.0000000000        0.0000000000
       -0.1945210550        0.0000000000        0.0000000000        0.0000000000
        0.0000000000        0.4914232379        1.0423855718        0.0664092616
        0.0000000000        0.0000000000        0.0000000000        0.0000000000
        1.0175917380        0.0000000000        0.0000000000        0.0000000000
        0.3498019059        0.0000000000        0.0000000000        0.0000000000
        0.0000000000        0.0000000000        0.0000000000        0.0000000000
        0.0000000000       -0.0285618420       -0.0501375512        0.9983338355
        0.3498019059        0.0000000000        0.0000000000        0.0000000000
        0.0000000000        0.0000000000        0.0000000000        0.0000000000
       -0.6996038117        0.0000000000        0.0000000000        0.0000000000
        0.0000000000        0.0000000000        0.0000000000        0.0000000000
        0.0000000000        0.0000000000        0.0000000000        0.0000000000
        0.0000000000        0.0000000000        0.0000000000        0.0000000000
        0.0000000000        0.0000000000        0.0000000000        0.0000000000
        0.0000000000        0.0000000000        0.0000000000        0.0000000000
        0.0000000000        0.0000000000        0.0000000000        0.0000000000
        0.6589290682       -0.9473447189       -0.0287251769        0.0000000000
        0.0000000000        0.0000000000        0.0000000000        0.0000000000
        0.0000000000        0.0000000000        0.0000000000        0.0000000000
        0.4914232408        1.0423855704        0.0664092616        0.0000000000
        0.0000000000        0.0000000000        0.0000000000        0.0000000000
        0.0000000000        0.0000000000        0.0000000000        0.0000000000
        0.0000000000        0.0000000000        0.0000000000        1.0000000000
        0.0000000000        0.0000000000        0.0000000000        0.0000000000
        0.0000000000        0.0000000000        0.0000000000        0.0000000000
       -0.0285618424       -0.0501375510        0.9983338355        0.0000000000
        0.0000000000        0.0000000000        0.0000000000        0.0000000000
  2      -26.2729574412
  2       -1.5797492864
  2       -0.7454494033
  0        0.2203015063
  0        1.1002836178
  0        1.5681290149
  0        1.9650507319
  0        2.1551339802
  0        2.9874835421
  2       -0.6284986632
  0        1.4907849294
  0        2.0867367988
  2       -0.6284986603
  0        1.4907849319
  0        2.0867367987
  0        2.1551339802
                     1
                     1
                     1
                     1
                     1
                     2
                     3
                     4
                     2
                     3
                     4
                     5
                     6
                     7
                     8
                     9
                    10
  1.007629574859732E-016  0.000000000000000E+000  -1.64558397663928     
 -5.345262107772291E-018  0.000000000000000E+000  8.729475488759486E-002
                     1
                     2
