  0.828692379144130     
  5.548539461921720E-002
  9.412947161120469E-003
  0.000000000000000E+000
  0.000000000000000E+000
  1.003461888150357E-002
  0.000000000000000E+000
  0.000000000000000E+000
  1.026424802847900E-002
  4.589174997633222E-003
  4.923198000371370E-002
   1.20240609301957     
 -4.056525512399710E-002
  0.000000000000000E+000
  0.000000000000000E+000
 -3.362568150987783E-002
  0.000000000000000E+000
  0.000000000000000E+000
 -4.236167837020652E-002
 -2.231307329765859E-002
  9.316597308324988E-004
   1.63686244705418     
  0.000000000000000E+000
  0.000000000000000E+000
 -2.910543603155749E-003
  0.000000000000000E+000
  0.000000000000000E+000
  7.954776866858077E-003
  1.804292198992344E-002
  2.294631455382584E-003
   1.78808802550113     
  0.000000000000000E+000
  0.000000000000000E+000
 -2.388491231845114E-003
  3.786083087847059E-002
  0.000000000000000E+000
  0.000000000000000E+000
  0.000000000000000E+000
   1.78808802550113     
  0.000000000000000E+000
 -3.786083087847053E-002
 -2.388491231845284E-003
  0.000000000000000E+000
  0.000000000000000E+000
  0.000000000000000E+000
   2.12464069128566     
  0.000000000000000E+000
  0.000000000000000E+000
  3.864106718763846E-002
  4.888175022457657E-002
  8.708268027698016E-003
   2.36104098719593     
  0.000000000000000E+000
  0.000000000000000E+000
  0.000000000000000E+000
  0.000000000000000E+000
   2.36104098719594     
  0.000000000000000E+000
  0.000000000000000E+000
  0.000000000000000E+000
   3.01429476835676     
 -2.229085398786776E-002
 -1.552770820808662E-002
   3.21425966223719     
  3.279655913389495E-004
   6.83213172425802     
