  0.827750187355058     
  3.711690128944944E-002
  0.000000000000000E+000
  0.000000000000000E+000
 -1.207368647035552E-002
  3.490901651763885E-002
  3.104027017271122E-002
  0.000000000000000E+000
  0.000000000000000E+000
 -3.682410267262688E-003
  0.000000000000000E+000
  0.000000000000000E+000
  0.000000000000000E+000
  0.000000000000000E+000
 -3.251552698664974E-003
  0.000000000000000E+000
  0.000000000000000E+000
  2.157250028253256E-002
  4.371220571602039E-003
  0.000000000000000E+000
  0.000000000000000E+000
  0.000000000000000E+000
  0.000000000000000E+000
  4.227647338465389E-003
  0.000000000000000E+000
  0.000000000000000E+000
 -4.081612665269855E-003
  2.176966055287092E-003
  0.000000000000000E+000
  0.000000000000000E+000
  0.000000000000000E+000
  0.000000000000000E+000
  0.000000000000000E+000
  0.000000000000000E+000
  2.744470812605058E-004
  3.227057267077084E-002
 -3.135141352141581E-002
  0.000000000000000E+000
  0.000000000000000E+000
  0.000000000000000E+000
  0.000000000000000E+000
  0.000000000000000E+000
  0.000000000000000E+000
  1.508721466711802E-002
 -1.655678362587890E-003
  3.711690128944944E-002
   1.15491469117381     
  0.000000000000000E+000
  0.000000000000000E+000
 -4.687846375526546E-002
 -2.402172217916766E-002
 -5.801917383232663E-002
  0.000000000000000E+000
  0.000000000000000E+000
  1.332651929334297E-002
  0.000000000000000E+000
  0.000000000000000E+000
  0.000000000000000E+000
  0.000000000000000E+000
 -5.020272306787502E-004
  0.000000000000000E+000
  0.000000000000000E+000
 -1.590747523642905E-002
 -9.037244509195354E-003
  0.000000000000000E+000
  0.000000000000000E+000
  0.000000000000000E+000
  0.000000000000000E+000
 -4.315128933219946E-003
  0.000000000000000E+000
  0.000000000000000E+000
  1.776176784672687E-003
  2.208821794153340E-003
  0.000000000000000E+000
  0.000000000000000E+000
  0.000000000000000E+000
  0.000000000000000E+000
  0.000000000000000E+000
  0.000000000000000E+000
 -4.353374111541990E-003
  2.544632355606557E-003
 -9.859782769173348E-005
  0.000000000000000E+000
  0.000000000000000E+000
  0.000000000000000E+000
  0.000000000000000E+000
  0.000000000000000E+000
  0.000000000000000E+000
 -5.437885602158556E-003
  6.586632385945159E-003
  0.000000000000000E+000
  0.000000000000000E+000
   1.11166600585789     
  0.000000000000000E+000
  0.000000000000000E+000
  0.000000000000000E+000
  0.000000000000000E+000
 -4.225370856141353E-002
 -5.803129790279134E-002
  0.000000000000000E+000
  0.000000000000000E+000
  0.000000000000000E+000
 -2.179069059048667E-002
 -1.854732621230659E-002
  0.000000000000000E+000
  1.810551877873235E-002
  3.451628400882270E-002
  0.000000000000000E+000
  0.000000000000000E+000
  0.000000000000000E+000
  0.000000000000000E+000
 -4.700813886743573E-004
 -9.396711801760299E-004
  0.000000000000000E+000
  1.115706225681357E-003
  1.885422297509640E-003
  0.000000000000000E+000
  0.000000000000000E+000
  0.000000000000000E+000
  0.000000000000000E+000
  6.560895007178494E-003
  3.590441369921429E-004
  1.203329056175462E-003
  2.537007889401014E-003
  0.000000000000000E+000
  0.000000000000000E+000
  0.000000000000000E+000
  0.000000000000000E+000
  0.000000000000000E+000
  4.688236727815587E-004
  3.454570293715793E-003
  6.497624964880246E-003
  1.091004772183726E-002
  0.000000000000000E+000
  0.000000000000000E+000
  0.000000000000000E+000
  0.000000000000000E+000
  0.000000000000000E+000
   1.11166600585789     
  0.000000000000000E+000
  0.000000000000000E+000
  0.000000000000000E+000
  5.803129790279118E-002
 -4.225370856141285E-002
  0.000000000000000E+000
  0.000000000000000E+000
  0.000000000000000E+000
 -1.854732621230620E-002
  2.179069059048663E-002
  0.000000000000000E+000
  3.451628400882363E-002
 -1.810551877873159E-002
  0.000000000000000E+000
  0.000000000000000E+000
  0.000000000000000E+000
  0.000000000000000E+000
 -9.396711801764393E-004
  4.700813886745932E-004
  0.000000000000000E+000
  1.885422297509567E-003
 -1.115706225681422E-003
  0.000000000000000E+000
  0.000000000000000E+000
  0.000000000000000E+000
  0.000000000000000E+000
 -3.590441369919722E-004
  6.560895007178189E-003
 -2.537007889401388E-003
  1.203329056175084E-003
  0.000000000000000E+000
  0.000000000000000E+000
  0.000000000000000E+000
  0.000000000000000E+000
  0.000000000000000E+000
 -3.454570293715910E-003
  4.688236727821374E-004
 -1.091004772183706E-002
  6.497624964880169E-003
  0.000000000000000E+000
  0.000000000000000E+000
 -1.207368647035552E-002
 -4.687846375526546E-002
  0.000000000000000E+000
  0.000000000000000E+000
   1.24812768435455     
  2.673330351009612E-002
 -1.335934537356203E-002
  0.000000000000000E+000
  0.000000000000000E+000
  4.769161775078143E-002
  0.000000000000000E+000
  0.000000000000000E+000
  0.000000000000000E+000
  0.000000000000000E+000
 -1.047561806070494E-002
  0.000000000000000E+000
  0.000000000000000E+000
 -1.553300460354435E-002
  7.364746846492012E-003
  0.000000000000000E+000
  0.000000000000000E+000
  0.000000000000000E+000
  0.000000000000000E+000
 -2.417132402247231E-003
  0.000000000000000E+000
  0.000000000000000E+000
  1.882446732810125E-003
  3.851284429562065E-003
  0.000000000000000E+000
  0.000000000000000E+000
  0.000000000000000E+000
  0.000000000000000E+000
  0.000000000000000E+000
  0.000000000000000E+000
 -2.031121062461224E-003
  1.509018581475521E-002
 -1.579539429068366E-002
  0.000000000000000E+000
  0.000000000000000E+000
  0.000000000000000E+000
  0.000000000000000E+000
  0.000000000000000E+000
  0.000000000000000E+000
  1.490841922284091E-003
  5.001822090377960E-003
  3.490901651763885E-002
 -2.402172217916766E-002
  0.000000000000000E+000
  0.000000000000000E+000
  2.673330351009612E-002
   1.32733123414715     
 -9.346534768688870E-003
  0.000000000000000E+000
  0.000000000000000E+000
  4.056733517886012E-002
  0.000000000000000E+000
  0.000000000000000E+000
  0.000000000000000E+000
  0.000000000000000E+000
  2.591239342259613E-002
  0.000000000000000E+000
  0.000000000000000E+000
  1.431606280233898E-002
 -4.611039286617231E-002
  0.000000000000000E+000
  0.000000000000000E+000
  0.000000000000000E+000
  0.000000000000000E+000
 -4.219616903888002E-003
  0.000000000000000E+000
  0.000000000000000E+000
  9.087418518525858E-003
 -9.297703318982853E-003
  0.000000000000000E+000
  0.000000000000000E+000
  0.000000000000000E+000
  0.000000000000000E+000
  0.000000000000000E+000
  0.000000000000000E+000
  1.760320157272371E-003
 -1.507123472562313E-002
  1.555402599778032E-002
  0.000000000000000E+000
  0.000000000000000E+000
  0.000000000000000E+000
  0.000000000000000E+000
  0.000000000000000E+000
  0.000000000000000E+000
 -7.943573023521677E-003
  6.871293159240269E-003
  3.104027017271122E-002
 -5.801917383232663E-002
  0.000000000000000E+000
  0.000000000000000E+000
 -1.335934537356203E-002
 -9.346534768688870E-003
   1.37623364602475     
  0.000000000000000E+000
  0.000000000000000E+000
 -2.319820305325748E-002
  0.000000000000000E+000
  0.000000000000000E+000
  0.000000000000000E+000
  0.000000000000000E+000
 -1.676612795459784E-002
  0.000000000000000E+000
  0.000000000000000E+000
 -5.825485997497161E-002
 -3.809410395118186E-002
  0.000000000000000E+000
  0.000000000000000E+000
  0.000000000000000E+000
  0.000000000000000E+000
 -1.797460144750898E-002
  0.000000000000000E+000
  0.000000000000000E+000
  1.031092936542081E-002
 -6.571553388379642E-003
  0.000000000000000E+000
  0.000000000000000E+000
  0.000000000000000E+000
  0.000000000000000E+000
  0.000000000000000E+000
  0.000000000000000E+000
 -8.990639311992591E-003
  5.392674546028600E-003
 -5.909931253794513E-004
  0.000000000000000E+000
  0.000000000000000E+000
  0.000000000000000E+000
  0.000000000000000E+000
  0.000000000000000E+000
  0.000000000000000E+000
 -2.630489538056575E-003
  6.539250100808081E-003
  0.000000000000000E+000
  0.000000000000000E+000
 -4.225370856141353E-002
  5.803129790279118E-002
  0.000000000000000E+000
  0.000000000000000E+000
  0.000000000000000E+000
   1.36270240862164     
  0.000000000000000E+000
  0.000000000000000E+000
  0.000000000000000E+000
  0.000000000000000E+000
 -1.617613193071418E-003
  2.129504974009210E-002
  0.000000000000000E+000
 -4.291269475419708E-003
  8.697373328666679E-003
  0.000000000000000E+000
  0.000000000000000E+000
  0.000000000000000E+000
  0.000000000000000E+000
 -2.894421389652709E-002
  5.592532547223359E-002
  0.000000000000000E+000
 -8.014153833384300E-003
  1.858559905205906E-002
  0.000000000000000E+000
  0.000000000000000E+000
  0.000000000000000E+000
  0.000000000000000E+000
 -8.317026126953383E-004
  1.020078341931750E-003
 -2.965849636658701E-004
 -5.595248352509774E-005
  0.000000000000000E+000
  0.000000000000000E+000
  0.000000000000000E+000
  0.000000000000000E+000
  0.000000000000000E+000
 -8.055549369496593E-004
 -4.343022280588282E-004
  3.298251834278104E-002
  3.049597185464325E-003
  0.000000000000000E+000
  0.000000000000000E+000
  0.000000000000000E+000
  0.000000000000000E+000
 -5.803129790279134E-002
 -4.225370856141285E-002
  0.000000000000000E+000
  0.000000000000000E+000
  0.000000000000000E+000
  0.000000000000000E+000
   1.36270240862164     
  0.000000000000000E+000
  0.000000000000000E+000
  0.000000000000000E+000
  2.129504974009125E-002
  1.617613193071826E-003
  0.000000000000000E+000
  8.697373328667483E-003
  4.291269475419032E-003
  0.000000000000000E+000
  0.000000000000000E+000
  0.000000000000000E+000
  0.000000000000000E+000
  5.592532547223233E-002
  2.894421389652784E-002
  0.000000000000000E+000
  1.858559905205824E-002
  8.014153833383305E-003
  0.000000000000000E+000
  0.000000000000000E+000
  0.000000000000000E+000
  0.000000000000000E+000
 -1.020078341932176E-003
 -8.317026126944137E-004
  5.595248352430302E-005
 -2.965849636643860E-004
  0.000000000000000E+000
  0.000000000000000E+000
  0.000000000000000E+000
  0.000000000000000E+000
  0.000000000000000E+000
  4.343022280599038E-004
 -8.055549369493948E-004
 -3.049597185463522E-003
  3.298251834277992E-002
  0.000000000000000E+000
  0.000000000000000E+000
 -3.682410267262688E-003
  1.332651929334297E-002
  0.000000000000000E+000
  0.000000000000000E+000
  4.769161775078143E-002
  4.056733517886012E-002
 -2.319820305325748E-002
  0.000000000000000E+000
  0.000000000000000E+000
   1.48749070634330     
  0.000000000000000E+000
  0.000000000000000E+000
  0.000000000000000E+000
  0.000000000000000E+000
  4.034826202032687E-003
  0.000000000000000E+000
  0.000000000000000E+000
  3.707050711360363E-003
  2.702291231801196E-002
  0.000000000000000E+000
  0.000000000000000E+000
  0.000000000000000E+000
  0.000000000000000E+000
 -6.314095173766680E-002
  0.000000000000000E+000
  0.000000000000000E+000
  1.979100580095376E-002
 -1.239313389858705E-002
  0.000000000000000E+000
  0.000000000000000E+000
  0.000000000000000E+000
  0.000000000000000E+000
  0.000000000000000E+000
  0.000000000000000E+000
 -1.761078645549630E-002
 -3.030149639141805E-003
  7.910946107004893E-004
  0.000000000000000E+000
  0.000000000000000E+000
  0.000000000000000E+000
  0.000000000000000E+000
  0.000000000000000E+000
  0.000000000000000E+000
  5.382549927000856E-003
 -1.458738748011689E-002
  0.000000000000000E+000
  0.000000000000000E+000
  0.000000000000000E+000
  0.000000000000000E+000
  0.000000000000000E+000
  0.000000000000000E+000
  0.000000000000000E+000
  0.000000000000000E+000
  0.000000000000000E+000
  0.000000000000000E+000
   1.60977377340619     
  0.000000000000000E+000
  0.000000000000000E+000
  0.000000000000000E+000
  0.000000000000000E+000
  0.000000000000000E+000
  0.000000000000000E+000
  0.000000000000000E+000
  0.000000000000000E+000
 -3.827801099303947E-002
  4.201258161118016E-002
  0.000000000000000E+000
  0.000000000000000E+000
  0.000000000000000E+000
  0.000000000000000E+000
  0.000000000000000E+000
  0.000000000000000E+000
  0.000000000000000E+000
 -1.759940950733979E-002
  3.141167732154954E-002
  0.000000000000000E+000
  0.000000000000000E+000
  0.000000000000000E+000
  0.000000000000000E+000
  0.000000000000000E+000
  0.000000000000000E+000
  0.000000000000000E+000
 -6.785996792171541E-004
  9.963927533811791E-004
  0.000000000000000E+000
  0.000000000000000E+000
  0.000000000000000E+000
  0.000000000000000E+000
  0.000000000000000E+000
  0.000000000000000E+000
  0.000000000000000E+000
  0.000000000000000E+000
  0.000000000000000E+000
  0.000000000000000E+000
  0.000000000000000E+000
  0.000000000000000E+000
  0.000000000000000E+000
  0.000000000000000E+000
  0.000000000000000E+000
  0.000000000000000E+000
  0.000000000000000E+000
   1.60977377340619     
  0.000000000000000E+000
  0.000000000000000E+000
  0.000000000000000E+000
  0.000000000000000E+000
  0.000000000000000E+000
  0.000000000000000E+000
  0.000000000000000E+000
 -4.201258161117968E-002
 -3.827801099303971E-002
  0.000000000000000E+000
  0.000000000000000E+000
  0.000000000000000E+000
  0.000000000000000E+000
  0.000000000000000E+000
  0.000000000000000E+000
  0.000000000000000E+000
 -3.141167732154938E-002
 -1.759940950733970E-002
  0.000000000000000E+000
  0.000000000000000E+000
  0.000000000000000E+000
  0.000000000000000E+000
  0.000000000000000E+000
  0.000000000000000E+000
  0.000000000000000E+000
 -9.963927533817255E-004
 -6.785996792165704E-004
  0.000000000000000E+000
  0.000000000000000E+000
  0.000000000000000E+000
  0.000000000000000E+000
  0.000000000000000E+000
  0.000000000000000E+000
  0.000000000000000E+000
  0.000000000000000E+000
 -2.179069059048667E-002
 -1.854732621230620E-002
  0.000000000000000E+000
  0.000000000000000E+000
  0.000000000000000E+000
 -1.617613193071418E-003
  2.129504974009125E-002
  0.000000000000000E+000
  0.000000000000000E+000
  0.000000000000000E+000
   1.70964056721422     
  0.000000000000000E+000
  0.000000000000000E+000
  5.319712699498527E-002
  2.140419840827108E-002
  0.000000000000000E+000
  0.000000000000000E+000
  0.000000000000000E+000
  0.000000000000000E+000
 -3.049548202408823E-003
 -1.295707760277525E-003
  0.000000000000000E+000
 -9.910040453772029E-003
 -3.408791938492930E-003
  0.000000000000000E+000
  0.000000000000000E+000
  0.000000000000000E+000
  0.000000000000000E+000
 -3.192314861701243E-002
 -3.033146710085124E-002
 -2.309787323064670E-003
  8.603679754280282E-003
  0.000000000000000E+000
  0.000000000000000E+000
  0.000000000000000E+000
  0.000000000000000E+000
  0.000000000000000E+000
  4.472231675783141E-003
 -6.973019323309522E-003
  6.032964526476656E-004
 -3.556873817262059E-003
  0.000000000000000E+000
  0.000000000000000E+000
  0.000000000000000E+000
  0.000000000000000E+000
 -1.854732621230659E-002
  2.179069059048663E-002
  0.000000000000000E+000
  0.000000000000000E+000
  0.000000000000000E+000
  2.129504974009210E-002
  1.617613193071826E-003
  0.000000000000000E+000
  0.000000000000000E+000
  0.000000000000000E+000
  0.000000000000000E+000
   1.70964056721422     
  0.000000000000000E+000
 -2.140419840827112E-002
  5.319712699498355E-002
  0.000000000000000E+000
  0.000000000000000E+000
  0.000000000000000E+000
  0.000000000000000E+000
  1.295707760278084E-003
 -3.049548202410809E-003
  0.000000000000000E+000
  3.408791938493137E-003
 -9.910040453769021E-003
  0.000000000000000E+000
  0.000000000000000E+000
  0.000000000000000E+000
  0.000000000000000E+000
 -3.033146710085338E-002
  3.192314861701257E-002
  8.603679754279564E-003
  2.309787323065818E-003
  0.000000000000000E+000
  0.000000000000000E+000
  0.000000000000000E+000
  0.000000000000000E+000
  0.000000000000000E+000
 -6.973019323309383E-003
 -4.472231675782350E-003
 -3.556873817261333E-003
 -6.032964526474392E-004
  0.000000000000000E+000
  0.000000000000000E+000
 -3.251552698664974E-003
 -5.020272306787502E-004
  0.000000000000000E+000
  0.000000000000000E+000
 -1.047561806070494E-002
  2.591239342259613E-002
 -1.676612795459784E-002
  0.000000000000000E+000
  0.000000000000000E+000
  4.034826202032687E-003
  0.000000000000000E+000
  0.000000000000000E+000
  0.000000000000000E+000
  0.000000000000000E+000
   1.81187461352810     
  0.000000000000000E+000
  0.000000000000000E+000
 -6.761886781108860E-003
  3.003671023486265E-002
  0.000000000000000E+000
  0.000000000000000E+000
  0.000000000000000E+000
  0.000000000000000E+000
  1.489714389179855E-002
  0.000000000000000E+000
  0.000000000000000E+000
  3.816891879353450E-002
 -3.192573342078001E-002
  0.000000000000000E+000
  0.000000000000000E+000
  0.000000000000000E+000
  0.000000000000000E+000
  0.000000000000000E+000
  0.000000000000000E+000
  4.024173857221766E-003
  3.192006037354422E-005
 -4.128770906028000E-003
  0.000000000000000E+000
  0.000000000000000E+000
  0.000000000000000E+000
  0.000000000000000E+000
  0.000000000000000E+000
  0.000000000000000E+000
  5.390825621137619E-003
  8.517139760059222E-003
  0.000000000000000E+000
  0.000000000000000E+000
  1.810551877873235E-002
  3.451628400882363E-002
  0.000000000000000E+000
  0.000000000000000E+000
  0.000000000000000E+000
 -4.291269475419708E-003
  8.697373328667483E-003
  0.000000000000000E+000
  0.000000000000000E+000
  0.000000000000000E+000
  5.319712699498527E-002
 -2.140419840827112E-002
  0.000000000000000E+000
   1.84885832074711     
  0.000000000000000E+000
  0.000000000000000E+000
  0.000000000000000E+000
  0.000000000000000E+000
  0.000000000000000E+000
  2.070655650651343E-002
  3.983886873597700E-004
  0.000000000000000E+000
 -7.153558619333150E-002
  3.668695042751038E-003
  0.000000000000000E+000
  0.000000000000000E+000
  0.000000000000000E+000
  0.000000000000000E+000
  1.161231581136545E-002
  2.542575097245026E-002
  1.884919308994105E-002
 -2.506349861228620E-002
  0.000000000000000E+000
  0.000000000000000E+000
  0.000000000000000E+000
  0.000000000000000E+000
  0.000000000000000E+000
  6.122134344785229E-004
 -4.352015963450580E-004
  4.193487647680074E-003
 -6.831298836329242E-003
  0.000000000000000E+000
  0.000000000000000E+000
  0.000000000000000E+000
  0.000000000000000E+000
  3.451628400882270E-002
 -1.810551877873159E-002
  0.000000000000000E+000
  0.000000000000000E+000
  0.000000000000000E+000
  8.697373328666679E-003
  4.291269475419032E-003
  0.000000000000000E+000
  0.000000000000000E+000
  0.000000000000000E+000
  2.140419840827108E-002
  5.319712699498355E-002
  0.000000000000000E+000
  0.000000000000000E+000
   1.84885832074712     
  0.000000000000000E+000
  0.000000000000000E+000
  0.000000000000000E+000
  0.000000000000000E+000
 -3.983886873611252E-004
  2.070655650650944E-002
  0.000000000000000E+000
 -3.668695042750975E-003
 -7.153558619333084E-002
  0.000000000000000E+000
  0.000000000000000E+000
  0.000000000000000E+000
  0.000000000000000E+000
  2.542575097244843E-002
 -1.161231581136557E-002
 -2.506349861228649E-002
 -1.884919308994062E-002
  0.000000000000000E+000
  0.000000000000000E+000
  0.000000000000000E+000
  0.000000000000000E+000
  0.000000000000000E+000
 -4.352015963437709E-004
 -6.122134344770207E-004
 -6.831298836327784E-003
 -4.193487647679999E-003
  0.000000000000000E+000
  0.000000000000000E+000
  2.157250028253256E-002
 -1.590747523642905E-002
  0.000000000000000E+000
  0.000000000000000E+000
 -1.553300460354435E-002
  1.431606280233898E-002
 -5.825485997497161E-002
  0.000000000000000E+000
  0.000000000000000E+000
  3.707050711360363E-003
  0.000000000000000E+000
  0.000000000000000E+000
  0.000000000000000E+000
  0.000000000000000E+000
 -6.761886781108860E-003
  0.000000000000000E+000
  0.000000000000000E+000
   1.92690882771554     
  1.888472440978294E-002
  0.000000000000000E+000
  0.000000000000000E+000
  0.000000000000000E+000
  0.000000000000000E+000
 -3.755647952693473E-002
  0.000000000000000E+000
  0.000000000000000E+000
 -2.711565853949364E-002
 -2.771958825051513E-002
  0.000000000000000E+000
  0.000000000000000E+000
  0.000000000000000E+000
  0.000000000000000E+000
  0.000000000000000E+000
  0.000000000000000E+000
 -1.459622708307459E-002
 -2.111645241647003E-002
  1.411100734198140E-002
  0.000000000000000E+000
  0.000000000000000E+000
  0.000000000000000E+000
  0.000000000000000E+000
  0.000000000000000E+000
  0.000000000000000E+000
 -1.665419633090754E-003
  1.222294709385389E-002
  4.371220571602039E-003
 -9.037244509195354E-003
  0.000000000000000E+000
  0.000000000000000E+000
  7.364746846492012E-003
 -4.611039286617231E-002
 -3.809410395118186E-002
  0.000000000000000E+000
  0.000000000000000E+000
  2.702291231801196E-002
  0.000000000000000E+000
  0.000000000000000E+000
  0.000000000000000E+000
  0.000000000000000E+000
  3.003671023486265E-002
  0.000000000000000E+000
  0.000000000000000E+000
  1.888472440978294E-002
   2.11613973241493     
  0.000000000000000E+000
  0.000000000000000E+000
  0.000000000000000E+000
  0.000000000000000E+000
  2.961245407979618E-002
  0.000000000000000E+000
  0.000000000000000E+000
 -4.993730720420030E-002
 -5.651506572511925E-002
  0.000000000000000E+000
  0.000000000000000E+000
  0.000000000000000E+000
  0.000000000000000E+000
  0.000000000000000E+000
  0.000000000000000E+000
 -1.947597526431049E-002
  2.617343010701943E-002
 -4.701140881914596E-003
  0.000000000000000E+000
  0.000000000000000E+000
  0.000000000000000E+000
  0.000000000000000E+000
  0.000000000000000E+000
  0.000000000000000E+000
 -1.785038555826391E-002
  1.514699146652312E-002
  0.000000000000000E+000
  0.000000000000000E+000
  0.000000000000000E+000
  0.000000000000000E+000
  0.000000000000000E+000
  0.000000000000000E+000
  0.000000000000000E+000
  0.000000000000000E+000
  0.000000000000000E+000
  0.000000000000000E+000
 -3.827801099303947E-002
 -4.201258161117968E-002
  0.000000000000000E+000
  0.000000000000000E+000
  0.000000000000000E+000
  0.000000000000000E+000
  0.000000000000000E+000
  0.000000000000000E+000
  0.000000000000000E+000
   2.31330602275955     
  0.000000000000000E+000
  0.000000000000000E+000
  0.000000000000000E+000
  0.000000000000000E+000
  0.000000000000000E+000
  0.000000000000000E+000
  0.000000000000000E+000
  0.000000000000000E+000
  2.826477202103691E-003
 -6.564818856329990E-004
  0.000000000000000E+000
  0.000000000000000E+000
  0.000000000000000E+000
  0.000000000000000E+000
  0.000000000000000E+000
  0.000000000000000E+000
  0.000000000000000E+000
 -6.626602616866144E-002
  9.407263755711517E-003
  0.000000000000000E+000
  0.000000000000000E+000
  0.000000000000000E+000
  0.000000000000000E+000
  0.000000000000000E+000
  0.000000000000000E+000
  0.000000000000000E+000
  0.000000000000000E+000
  0.000000000000000E+000
  0.000000000000000E+000
  0.000000000000000E+000
  0.000000000000000E+000
  0.000000000000000E+000
  0.000000000000000E+000
  0.000000000000000E+000
  0.000000000000000E+000
  4.201258161118016E-002
 -3.827801099303971E-002
  0.000000000000000E+000
  0.000000000000000E+000
  0.000000000000000E+000
  0.000000000000000E+000
  0.000000000000000E+000
  0.000000000000000E+000
  0.000000000000000E+000
  0.000000000000000E+000
   2.31330602275956     
  0.000000000000000E+000
  0.000000000000000E+000
  0.000000000000000E+000
  0.000000000000000E+000
  0.000000000000000E+000
  0.000000000000000E+000
  0.000000000000000E+000
  6.564818856328882E-004
  2.826477202103945E-003
  0.000000000000000E+000
  0.000000000000000E+000
  0.000000000000000E+000
  0.000000000000000E+000
  0.000000000000000E+000
  0.000000000000000E+000
  0.000000000000000E+000
 -9.407263755711482E-003
 -6.626602616866233E-002
  0.000000000000000E+000
  0.000000000000000E+000
  0.000000000000000E+000
  0.000000000000000E+000
  0.000000000000000E+000
  0.000000000000000E+000
  0.000000000000000E+000
  0.000000000000000E+000
 -4.700813886743573E-004
 -9.396711801764393E-004
  0.000000000000000E+000
  0.000000000000000E+000
  0.000000000000000E+000
 -2.894421389652709E-002
  5.592532547223233E-002
  0.000000000000000E+000
  0.000000000000000E+000
  0.000000000000000E+000
 -3.049548202408823E-003
  1.295707760278084E-003
  0.000000000000000E+000
  2.070655650651343E-002
 -3.983886873611252E-004
  0.000000000000000E+000
  0.000000000000000E+000
  0.000000000000000E+000
  0.000000000000000E+000
   2.53264801977952     
  0.000000000000000E+000
  0.000000000000000E+000
 -2.303934729367776E-002
  1.626446306358803E-003
  0.000000000000000E+000
  0.000000000000000E+000
  0.000000000000000E+000
  0.000000000000000E+000
 -2.871253123758186E-003
 -6.620910586065506E-003
 -1.617987123093762E-002
  2.067394620757496E-002
  0.000000000000000E+000
  0.000000000000000E+000
  0.000000000000000E+000
  0.000000000000000E+000
  0.000000000000000E+000
  2.821598798830546E-002
 -1.925161107052333E-002
 -1.675339967851271E-002
  2.614979878264520E-002
  0.000000000000000E+000
  0.000000000000000E+000
  0.000000000000000E+000
  0.000000000000000E+000
 -9.396711801760299E-004
  4.700813886745932E-004
  0.000000000000000E+000
  0.000000000000000E+000
  0.000000000000000E+000
  5.592532547223359E-002
  2.894421389652784E-002
  0.000000000000000E+000
  0.000000000000000E+000
  0.000000000000000E+000
 -1.295707760277525E-003
 -3.049548202410809E-003
  0.000000000000000E+000
  3.983886873597700E-004
  2.070655650650944E-002
  0.000000000000000E+000
  0.000000000000000E+000
  0.000000000000000E+000
  0.000000000000000E+000
  0.000000000000000E+000
   2.53264801977952     
  0.000000000000000E+000
 -1.626446306358511E-003
 -2.303934729367336E-002
  0.000000000000000E+000
  0.000000000000000E+000
  0.000000000000000E+000
  0.000000000000000E+000
 -6.620910586069114E-003
  2.871253123758156E-003
  2.067394620757355E-002
  1.617987123093729E-002
  0.000000000000000E+000
  0.000000000000000E+000
  0.000000000000000E+000
  0.000000000000000E+000
  0.000000000000000E+000
 -1.925161107052320E-002
 -2.821598798830199E-002
  2.614979878264841E-002
  1.675339967851305E-002
  0.000000000000000E+000
  0.000000000000000E+000
  4.227647338465389E-003
 -4.315128933219946E-003
  0.000000000000000E+000
  0.000000000000000E+000
 -2.417132402247231E-003
 -4.219616903888002E-003
 -1.797460144750898E-002
  0.000000000000000E+000
  0.000000000000000E+000
 -6.314095173766680E-002
  0.000000000000000E+000
  0.000000000000000E+000
  0.000000000000000E+000
  0.000000000000000E+000
  1.489714389179855E-002
  0.000000000000000E+000
  0.000000000000000E+000
 -3.755647952693473E-002
  2.961245407979618E-002
  0.000000000000000E+000
  0.000000000000000E+000
  0.000000000000000E+000
  0.000000000000000E+000
   2.61797579298192     
  0.000000000000000E+000
  0.000000000000000E+000
 -3.106940275315818E-003
  2.133095738987772E-002
  0.000000000000000E+000
  0.000000000000000E+000
  0.000000000000000E+000
  0.000000000000000E+000
  0.000000000000000E+000
  0.000000000000000E+000
 -3.561090730015716E-002
  3.589907723158761E-002
  5.990296460169994E-002
  0.000000000000000E+000
  0.000000000000000E+000
  0.000000000000000E+000
  0.000000000000000E+000
  0.000000000000000E+000
  0.000000000000000E+000
  1.863441713498057E-002
  8.962206287885785E-003
  0.000000000000000E+000
  0.000000000000000E+000
  1.115706225681357E-003
  1.885422297509567E-003
  0.000000000000000E+000
  0.000000000000000E+000
  0.000000000000000E+000
 -8.014153833384300E-003
  1.858559905205824E-002
  0.000000000000000E+000
  0.000000000000000E+000
  0.000000000000000E+000
 -9.910040453772029E-003
  3.408791938493137E-003
  0.000000000000000E+000
 -7.153558619333150E-002
 -3.668695042750975E-003
  0.000000000000000E+000
  0.000000000000000E+000
  0.000000000000000E+000
  0.000000000000000E+000
 -2.303934729367776E-002
 -1.626446306358511E-003
  0.000000000000000E+000
   2.89648023088745     
  0.000000000000000E+000
  0.000000000000000E+000
  0.000000000000000E+000
  0.000000000000000E+000
  0.000000000000000E+000
 -6.629090425238188E-003
 -1.274374894430455E-002
 -6.144488754902750E-003
  9.106343943314285E-003
  0.000000000000000E+000
  0.000000000000000E+000
  0.000000000000000E+000
  0.000000000000000E+000
  0.000000000000000E+000
 -5.340093519788338E-002
  4.223947099810124E-002
 -1.090747744072421E-002
  1.999873126757051E-002
  0.000000000000000E+000
  0.000000000000000E+000
  0.000000000000000E+000
  0.000000000000000E+000
  1.885422297509640E-003
 -1.115706225681422E-003
  0.000000000000000E+000
  0.000000000000000E+000
  0.000000000000000E+000
  1.858559905205906E-002
  8.014153833383305E-003
  0.000000000000000E+000
  0.000000000000000E+000
  0.000000000000000E+000
 -3.408791938492930E-003
 -9.910040453769021E-003
  0.000000000000000E+000
  3.668695042751038E-003
 -7.153558619333084E-002
  0.000000000000000E+000
  0.000000000000000E+000
  0.000000000000000E+000
  0.000000000000000E+000
  1.626446306358803E-003
 -2.303934729367336E-002
  0.000000000000000E+000
  0.000000000000000E+000
   2.89648023088747     
  0.000000000000000E+000
  0.000000000000000E+000
  0.000000000000000E+000
  0.000000000000000E+000
 -1.274374894430399E-002
  6.629090425237747E-003
  9.106343943314542E-003
  6.144488754903411E-003
  0.000000000000000E+000
  0.000000000000000E+000
  0.000000000000000E+000
  0.000000000000000E+000
  0.000000000000000E+000
  4.223947099810238E-002
  5.340093519788466E-002
  1.999873126757022E-002
  1.090747744072309E-002
  0.000000000000000E+000
  0.000000000000000E+000
 -4.081612665269855E-003
  1.776176784672687E-003
  0.000000000000000E+000
  0.000000000000000E+000
  1.882446732810125E-003
  9.087418518525858E-003
  1.031092936542081E-002
  0.000000000000000E+000
  0.000000000000000E+000
  1.979100580095376E-002
  0.000000000000000E+000
  0.000000000000000E+000
  0.000000000000000E+000
  0.000000000000000E+000
  3.816891879353450E-002
  0.000000000000000E+000
  0.000000000000000E+000
 -2.711565853949364E-002
 -4.993730720420030E-002
  0.000000000000000E+000
  0.000000000000000E+000
  0.000000000000000E+000
  0.000000000000000E+000
 -3.106940275315818E-003
  0.000000000000000E+000
  0.000000000000000E+000
   3.41197482219375     
 -1.838408207861639E-002
  0.000000000000000E+000
  0.000000000000000E+000
  0.000000000000000E+000
  0.000000000000000E+000
  0.000000000000000E+000
  0.000000000000000E+000
  4.995732306170904E-002
  2.057412359343140E-002
  7.155999619270102E-003
  0.000000000000000E+000
  0.000000000000000E+000
  0.000000000000000E+000
  0.000000000000000E+000
  0.000000000000000E+000
  0.000000000000000E+000
  5.294304198844074E-002
 -8.956358339812301E-004
  2.176966055287092E-003
  2.208821794153340E-003
  0.000000000000000E+000
  0.000000000000000E+000
  3.851284429562065E-003
 -9.297703318982853E-003
 -6.571553388379642E-003
  0.000000000000000E+000
  0.000000000000000E+000
 -1.239313389858705E-002
  0.000000000000000E+000
  0.000000000000000E+000
  0.000000000000000E+000
  0.000000000000000E+000
 -3.192573342078001E-002
  0.000000000000000E+000
  0.000000000000000E+000
 -2.771958825051513E-002
 -5.651506572511925E-002
  0.000000000000000E+000
  0.000000000000000E+000
  0.000000000000000E+000
  0.000000000000000E+000
  2.133095738987772E-002
  0.000000000000000E+000
  0.000000000000000E+000
 -1.838408207861639E-002
   3.57708704979847     
  0.000000000000000E+000
  0.000000000000000E+000
  0.000000000000000E+000
  0.000000000000000E+000
  0.000000000000000E+000
  0.000000000000000E+000
  1.990262813246945E-003
 -4.753425572029353E-003
  1.340717764494969E-003
  0.000000000000000E+000
  0.000000000000000E+000
  0.000000000000000E+000
  0.000000000000000E+000
  0.000000000000000E+000
  0.000000000000000E+000
  3.554149044456548E-002
 -4.687195587100517E-002
  0.000000000000000E+000
  0.000000000000000E+000
  0.000000000000000E+000
  0.000000000000000E+000
  0.000000000000000E+000
  0.000000000000000E+000
  0.000000000000000E+000
  0.000000000000000E+000
  0.000000000000000E+000
  0.000000000000000E+000
 -1.759940950733979E-002
 -3.141167732154938E-002
  0.000000000000000E+000
  0.000000000000000E+000
  0.000000000000000E+000
  0.000000000000000E+000
  0.000000000000000E+000
  0.000000000000000E+000
  0.000000000000000E+000
  2.826477202103691E-003
  6.564818856328882E-004
  0.000000000000000E+000
  0.000000000000000E+000
  0.000000000000000E+000
  0.000000000000000E+000
  0.000000000000000E+000
  0.000000000000000E+000
  0.000000000000000E+000
   4.31977744180640     
  0.000000000000000E+000
  0.000000000000000E+000
  0.000000000000000E+000
  0.000000000000000E+000
  0.000000000000000E+000
  0.000000000000000E+000
  0.000000000000000E+000
  0.000000000000000E+000
 -1.223103463304645E-002
 -1.069201336875230E-003
  0.000000000000000E+000
  0.000000000000000E+000
  0.000000000000000E+000
  0.000000000000000E+000
  0.000000000000000E+000
  0.000000000000000E+000
  0.000000000000000E+000
  0.000000000000000E+000
  0.000000000000000E+000
  0.000000000000000E+000
  0.000000000000000E+000
  0.000000000000000E+000
  0.000000000000000E+000
  0.000000000000000E+000
  0.000000000000000E+000
  0.000000000000000E+000
  3.141167732154954E-002
 -1.759940950733970E-002
  0.000000000000000E+000
  0.000000000000000E+000
  0.000000000000000E+000
  0.000000000000000E+000
  0.000000000000000E+000
  0.000000000000000E+000
  0.000000000000000E+000
 -6.564818856329990E-004
  2.826477202103945E-003
  0.000000000000000E+000
  0.000000000000000E+000
  0.000000000000000E+000
  0.000000000000000E+000
  0.000000000000000E+000
  0.000000000000000E+000
  0.000000000000000E+000
  0.000000000000000E+000
   4.31977744180641     
  0.000000000000000E+000
  0.000000000000000E+000
  0.000000000000000E+000
  0.000000000000000E+000
  0.000000000000000E+000
  0.000000000000000E+000
  0.000000000000000E+000
  1.069201336875424E-003
 -1.223103463304625E-002
  0.000000000000000E+000
  0.000000000000000E+000
  0.000000000000000E+000
  0.000000000000000E+000
  0.000000000000000E+000
  0.000000000000000E+000
  0.000000000000000E+000
  0.000000000000000E+000
  6.560895007178494E-003
 -3.590441369919722E-004
  0.000000000000000E+000
  0.000000000000000E+000
  0.000000000000000E+000
 -8.317026126953383E-004
 -1.020078341932176E-003
  0.000000000000000E+000
  0.000000000000000E+000
  0.000000000000000E+000
 -3.192314861701243E-002
 -3.033146710085338E-002
  0.000000000000000E+000
  1.161231581136545E-002
  2.542575097244843E-002
  0.000000000000000E+000
  0.000000000000000E+000
  0.000000000000000E+000
  0.000000000000000E+000
 -2.871253123758186E-003
 -6.620910586069114E-003
  0.000000000000000E+000
 -6.629090425238188E-003
 -1.274374894430399E-002
  0.000000000000000E+000
  0.000000000000000E+000
  0.000000000000000E+000
  0.000000000000000E+000
   4.48482880855775     
  0.000000000000000E+000
  2.487414302846386E-002
  4.579751090805980E-002
  0.000000000000000E+000
  0.000000000000000E+000
  0.000000000000000E+000
  0.000000000000000E+000
  0.000000000000000E+000
 -3.807518275203752E-003
 -1.984519977340488E-002
 -4.544566179050082E-004
 -6.760769605020163E-004
  0.000000000000000E+000
  0.000000000000000E+000
  0.000000000000000E+000
  0.000000000000000E+000
  3.590441369921429E-004
  6.560895007178189E-003
  0.000000000000000E+000
  0.000000000000000E+000
  0.000000000000000E+000
  1.020078341931750E-003
 -8.317026126944137E-004
  0.000000000000000E+000
  0.000000000000000E+000
  0.000000000000000E+000
 -3.033146710085124E-002
  3.192314861701257E-002
  0.000000000000000E+000
  2.542575097245026E-002
 -1.161231581136557E-002
  0.000000000000000E+000
  0.000000000000000E+000
  0.000000000000000E+000
  0.000000000000000E+000
 -6.620910586065506E-003
  2.871253123758156E-003
  0.000000000000000E+000
 -1.274374894430455E-002
  6.629090425237747E-003
  0.000000000000000E+000
  0.000000000000000E+000
  0.000000000000000E+000
  0.000000000000000E+000
  0.000000000000000E+000
   4.48482880855775     
 -4.579751090805798E-002
  2.487414302846435E-002
  0.000000000000000E+000
  0.000000000000000E+000
  0.000000000000000E+000
  0.000000000000000E+000
  0.000000000000000E+000
  1.984519977340533E-002
 -3.807518275202491E-003
  6.760769605013380E-004
 -4.544566179052285E-004
  0.000000000000000E+000
  0.000000000000000E+000
  0.000000000000000E+000
  0.000000000000000E+000
  1.203329056175462E-003
 -2.537007889401388E-003
  0.000000000000000E+000
  0.000000000000000E+000
  0.000000000000000E+000
 -2.965849636658701E-004
  5.595248352430302E-005
  0.000000000000000E+000
  0.000000000000000E+000
  0.000000000000000E+000
 -2.309787323064670E-003
  8.603679754279564E-003
  0.000000000000000E+000
  1.884919308994105E-002
 -2.506349861228649E-002
  0.000000000000000E+000
  0.000000000000000E+000
  0.000000000000000E+000
  0.000000000000000E+000
 -1.617987123093762E-002
  2.067394620757355E-002
  0.000000000000000E+000
 -6.144488754902750E-003
  9.106343943314542E-003
  0.000000000000000E+000
  0.000000000000000E+000
  0.000000000000000E+000
  0.000000000000000E+000
  2.487414302846386E-002
 -4.579751090805798E-002
   4.76953460941683     
  0.000000000000000E+000
  0.000000000000000E+000
  0.000000000000000E+000
  0.000000000000000E+000
  0.000000000000000E+000
  0.000000000000000E+000
  3.569115575876008E-002
  1.135413968513064E-002
 -2.443571651213868E-002
  2.310290160842851E-003
  0.000000000000000E+000
  0.000000000000000E+000
  0.000000000000000E+000
  0.000000000000000E+000
  2.537007889401014E-003
  1.203329056175084E-003
  0.000000000000000E+000
  0.000000000000000E+000
  0.000000000000000E+000
 -5.595248352509774E-005
 -2.965849636643860E-004
  0.000000000000000E+000
  0.000000000000000E+000
  0.000000000000000E+000
  8.603679754280282E-003
  2.309787323065818E-003
  0.000000000000000E+000
 -2.506349861228620E-002
 -1.884919308994062E-002
  0.000000000000000E+000
  0.000000000000000E+000
  0.000000000000000E+000
  0.000000000000000E+000
  2.067394620757496E-002
  1.617987123093729E-002
  0.000000000000000E+000
  9.106343943314285E-003
  6.144488754903411E-003
  0.000000000000000E+000
  0.000000000000000E+000
  0.000000000000000E+000
  0.000000000000000E+000
  4.579751090805980E-002
  2.487414302846435E-002
  0.000000000000000E+000
   4.76953460941684     
  0.000000000000000E+000
  0.000000000000000E+000
  0.000000000000000E+000
  0.000000000000000E+000
  0.000000000000000E+000
 -1.135413968513085E-002
  3.569115575876090E-002
 -2.310290160842729E-003
 -2.443571651213871E-002
  0.000000000000000E+000
  0.000000000000000E+000
  2.744470812605058E-004
 -4.353374111541990E-003
  0.000000000000000E+000
  0.000000000000000E+000
 -2.031121062461224E-003
  1.760320157272371E-003
 -8.990639311992591E-003
  0.000000000000000E+000
  0.000000000000000E+000
 -1.761078645549630E-002
  0.000000000000000E+000
  0.000000000000000E+000
  0.000000000000000E+000
  0.000000000000000E+000
  4.024173857221766E-003
  0.000000000000000E+000
  0.000000000000000E+000
 -1.459622708307459E-002
 -1.947597526431049E-002
  0.000000000000000E+000
  0.000000000000000E+000
  0.000000000000000E+000
  0.000000000000000E+000
 -3.561090730015716E-002
  0.000000000000000E+000
  0.000000000000000E+000
  4.995732306170904E-002
  1.990262813246945E-003
  0.000000000000000E+000
  0.000000000000000E+000
  0.000000000000000E+000
  0.000000000000000E+000
  0.000000000000000E+000
  0.000000000000000E+000
   4.84873196994437     
  5.369380110946363E-002
  4.637383478232888E-002
  0.000000000000000E+000
  0.000000000000000E+000
  0.000000000000000E+000
  0.000000000000000E+000
  0.000000000000000E+000
  0.000000000000000E+000
 -8.763283376448872E-003
  3.191627314050968E-003
  3.227057267077084E-002
  2.544632355606557E-003
  0.000000000000000E+000
  0.000000000000000E+000
  1.509018581475521E-002
 -1.507123472562313E-002
  5.392674546028600E-003
  0.000000000000000E+000
  0.000000000000000E+000
 -3.030149639141805E-003
  0.000000000000000E+000
  0.000000000000000E+000
  0.000000000000000E+000
  0.000000000000000E+000
  3.192006037354422E-005
  0.000000000000000E+000
  0.000000000000000E+000
 -2.111645241647003E-002
  2.617343010701943E-002
  0.000000000000000E+000
  0.000000000000000E+000
  0.000000000000000E+000
  0.000000000000000E+000
  3.589907723158761E-002
  0.000000000000000E+000
  0.000000000000000E+000
  2.057412359343140E-002
 -4.753425572029353E-003
  0.000000000000000E+000
  0.000000000000000E+000
  0.000000000000000E+000
  0.000000000000000E+000
  0.000000000000000E+000
  0.000000000000000E+000
  5.369380110946363E-002
   5.13661221367789     
  5.406245084761860E-002
  0.000000000000000E+000
  0.000000000000000E+000
  0.000000000000000E+000
  0.000000000000000E+000
  0.000000000000000E+000
  0.000000000000000E+000
 -5.128923307545494E-002
 -5.081856937903671E-002
 -3.135141352141581E-002
 -9.859782769173348E-005
  0.000000000000000E+000
  0.000000000000000E+000
 -1.579539429068366E-002
  1.555402599778032E-002
 -5.909931253794513E-004
  0.000000000000000E+000
  0.000000000000000E+000
  7.910946107004893E-004
  0.000000000000000E+000
  0.000000000000000E+000
  0.000000000000000E+000
  0.000000000000000E+000
 -4.128770906028000E-003
  0.000000000000000E+000
  0.000000000000000E+000
  1.411100734198140E-002
 -4.701140881914596E-003
  0.000000000000000E+000
  0.000000000000000E+000
  0.000000000000000E+000
  0.000000000000000E+000
  5.990296460169994E-002
  0.000000000000000E+000
  0.000000000000000E+000
  7.155999619270102E-003
  1.340717764494969E-003
  0.000000000000000E+000
  0.000000000000000E+000
  0.000000000000000E+000
  0.000000000000000E+000
  0.000000000000000E+000
  0.000000000000000E+000
  4.637383478232888E-002
  5.406245084761860E-002
   6.29066038855307     
  0.000000000000000E+000
  0.000000000000000E+000
  0.000000000000000E+000
  0.000000000000000E+000
  0.000000000000000E+000
  0.000000000000000E+000
 -3.852704780270581E-002
 -5.072840747355998E-002
  0.000000000000000E+000
  0.000000000000000E+000
  0.000000000000000E+000
  0.000000000000000E+000
  0.000000000000000E+000
  0.000000000000000E+000
  0.000000000000000E+000
  0.000000000000000E+000
  0.000000000000000E+000
  0.000000000000000E+000
 -6.785996792171541E-004
 -9.963927533817255E-004
  0.000000000000000E+000
  0.000000000000000E+000
  0.000000000000000E+000
  0.000000000000000E+000
  0.000000000000000E+000
  0.000000000000000E+000
  0.000000000000000E+000
 -6.626602616866144E-002
 -9.407263755711482E-003
  0.000000000000000E+000
  0.000000000000000E+000
  0.000000000000000E+000
  0.000000000000000E+000
  0.000000000000000E+000
  0.000000000000000E+000
  0.000000000000000E+000
 -1.223103463304645E-002
  1.069201336875424E-003
  0.000000000000000E+000
  0.000000000000000E+000
  0.000000000000000E+000
  0.000000000000000E+000
  0.000000000000000E+000
  0.000000000000000E+000
  0.000000000000000E+000
   7.36468675651100     
  0.000000000000000E+000
  0.000000000000000E+000
  0.000000000000000E+000
  0.000000000000000E+000
  0.000000000000000E+000
  0.000000000000000E+000
  0.000000000000000E+000
  0.000000000000000E+000
  0.000000000000000E+000
  0.000000000000000E+000
  0.000000000000000E+000
  0.000000000000000E+000
  0.000000000000000E+000
  0.000000000000000E+000
  0.000000000000000E+000
  0.000000000000000E+000
  0.000000000000000E+000
  9.963927533811791E-004
 -6.785996792165704E-004
  0.000000000000000E+000
  0.000000000000000E+000
  0.000000000000000E+000
  0.000000000000000E+000
  0.000000000000000E+000
  0.000000000000000E+000
  0.000000000000000E+000
  9.407263755711517E-003
 -6.626602616866233E-002
  0.000000000000000E+000
  0.000000000000000E+000
  0.000000000000000E+000
  0.000000000000000E+000
  0.000000000000000E+000
  0.000000000000000E+000
  0.000000000000000E+000
 -1.069201336875230E-003
 -1.223103463304625E-002
  0.000000000000000E+000
  0.000000000000000E+000
  0.000000000000000E+000
  0.000000000000000E+000
  0.000000000000000E+000
  0.000000000000000E+000
  0.000000000000000E+000
  0.000000000000000E+000
   7.36468675651102     
  0.000000000000000E+000
  0.000000000000000E+000
  0.000000000000000E+000
  0.000000000000000E+000
  0.000000000000000E+000
  0.000000000000000E+000
  0.000000000000000E+000
  0.000000000000000E+000
  4.688236727815587E-004
 -3.454570293715910E-003
  0.000000000000000E+000
  0.000000000000000E+000
  0.000000000000000E+000
 -8.055549369496593E-004
  4.343022280599038E-004
  0.000000000000000E+000
  0.000000000000000E+000
  0.000000000000000E+000
  4.472231675783141E-003
 -6.973019323309383E-003
  0.000000000000000E+000
  6.122134344785229E-004
 -4.352015963437709E-004
  0.000000000000000E+000
  0.000000000000000E+000
  0.000000000000000E+000
  0.000000000000000E+000
  2.821598798830546E-002
 -1.925161107052320E-002
  0.000000000000000E+000
 -5.340093519788338E-002
  4.223947099810238E-002
  0.000000000000000E+000
  0.000000000000000E+000
  0.000000000000000E+000
  0.000000000000000E+000
 -3.807518275203752E-003
  1.984519977340533E-002
  3.569115575876008E-002
 -1.135413968513085E-002
  0.000000000000000E+000
  0.000000000000000E+000
  0.000000000000000E+000
  0.000000000000000E+000
  0.000000000000000E+000
   7.74716612648855     
  0.000000000000000E+000
 -3.234609099907297E-003
  1.376210607462412E-003
  0.000000000000000E+000
  0.000000000000000E+000
  0.000000000000000E+000
  0.000000000000000E+000
  3.454570293715793E-003
  4.688236727821374E-004
  0.000000000000000E+000
  0.000000000000000E+000
  0.000000000000000E+000
 -4.343022280588282E-004
 -8.055549369493948E-004
  0.000000000000000E+000
  0.000000000000000E+000
  0.000000000000000E+000
 -6.973019323309522E-003
 -4.472231675782350E-003
  0.000000000000000E+000
 -4.352015963450580E-004
 -6.122134344770207E-004
  0.000000000000000E+000
  0.000000000000000E+000
  0.000000000000000E+000
  0.000000000000000E+000
 -1.925161107052333E-002
 -2.821598798830199E-002
  0.000000000000000E+000
  4.223947099810124E-002
  5.340093519788466E-002
  0.000000000000000E+000
  0.000000000000000E+000
  0.000000000000000E+000
  0.000000000000000E+000
 -1.984519977340488E-002
 -3.807518275202491E-003
  1.135413968513064E-002
  3.569115575876090E-002
  0.000000000000000E+000
  0.000000000000000E+000
  0.000000000000000E+000
  0.000000000000000E+000
  0.000000000000000E+000
  0.000000000000000E+000
   7.74716612648857     
 -1.376210607462422E-003
 -3.234609099907564E-003
  0.000000000000000E+000
  0.000000000000000E+000
  0.000000000000000E+000
  0.000000000000000E+000
  6.497624964880246E-003
 -1.091004772183706E-002
  0.000000000000000E+000
  0.000000000000000E+000
  0.000000000000000E+000
  3.298251834278104E-002
 -3.049597185463522E-003
  0.000000000000000E+000
  0.000000000000000E+000
  0.000000000000000E+000
  6.032964526476656E-004
 -3.556873817261333E-003
  0.000000000000000E+000
  4.193487647680074E-003
 -6.831298836327784E-003
  0.000000000000000E+000
  0.000000000000000E+000
  0.000000000000000E+000
  0.000000000000000E+000
 -1.675339967851271E-002
  2.614979878264841E-002
  0.000000000000000E+000
 -1.090747744072421E-002
  1.999873126757022E-002
  0.000000000000000E+000
  0.000000000000000E+000
  0.000000000000000E+000
  0.000000000000000E+000
 -4.544566179050082E-004
  6.760769605013380E-004
 -2.443571651213868E-002
 -2.310290160842729E-003
  0.000000000000000E+000
  0.000000000000000E+000
  0.000000000000000E+000
  0.000000000000000E+000
  0.000000000000000E+000
 -3.234609099907297E-003
 -1.376210607462422E-003
   8.51138384924100     
  0.000000000000000E+000
  0.000000000000000E+000
  0.000000000000000E+000
  0.000000000000000E+000
  0.000000000000000E+000
  1.091004772183726E-002
  6.497624964880169E-003
  0.000000000000000E+000
  0.000000000000000E+000
  0.000000000000000E+000
  3.049597185464325E-003
  3.298251834277992E-002
  0.000000000000000E+000
  0.000000000000000E+000
  0.000000000000000E+000
 -3.556873817262059E-003
 -6.032964526474392E-004
  0.000000000000000E+000
 -6.831298836329242E-003
 -4.193487647679999E-003
  0.000000000000000E+000
  0.000000000000000E+000
  0.000000000000000E+000
  0.000000000000000E+000
  2.614979878264520E-002
  1.675339967851305E-002
  0.000000000000000E+000
  1.999873126757051E-002
  1.090747744072309E-002
  0.000000000000000E+000
  0.000000000000000E+000
  0.000000000000000E+000
  0.000000000000000E+000
 -6.760769605020163E-004
 -4.544566179052285E-004
  2.310290160842851E-003
 -2.443571651213871E-002
  0.000000000000000E+000
  0.000000000000000E+000
  0.000000000000000E+000
  0.000000000000000E+000
  0.000000000000000E+000
  1.376210607462412E-003
 -3.234609099907564E-003
  0.000000000000000E+000
   8.51138384924103     
  0.000000000000000E+000
  0.000000000000000E+000
  1.508721466711802E-002
 -5.437885602158556E-003
  0.000000000000000E+000
  0.000000000000000E+000
  1.490841922284091E-003
 -7.943573023521677E-003
 -2.630489538056575E-003
  0.000000000000000E+000
  0.000000000000000E+000
  5.382549927000856E-003
  0.000000000000000E+000
  0.000000000000000E+000
  0.000000000000000E+000
  0.000000000000000E+000
  5.390825621137619E-003
  0.000000000000000E+000
  0.000000000000000E+000
 -1.665419633090754E-003
 -1.785038555826391E-002
  0.000000000000000E+000
  0.000000000000000E+000
  0.000000000000000E+000
  0.000000000000000E+000
  1.863441713498057E-002
  0.000000000000000E+000
  0.000000000000000E+000
  5.294304198844074E-002
  3.554149044456548E-002
  0.000000000000000E+000
  0.000000000000000E+000
  0.000000000000000E+000
  0.000000000000000E+000
  0.000000000000000E+000
  0.000000000000000E+000
 -8.763283376448872E-003
 -5.128923307545494E-002
 -3.852704780270581E-002
  0.000000000000000E+000
  0.000000000000000E+000
  0.000000000000000E+000
  0.000000000000000E+000
  0.000000000000000E+000
  0.000000000000000E+000
   8.70483162155182     
  2.724339239377932E-002
 -1.655678362587890E-003
  6.586632385945159E-003
  0.000000000000000E+000
  0.000000000000000E+000
  5.001822090377960E-003
  6.871293159240269E-003
  6.539250100808081E-003
  0.000000000000000E+000
  0.000000000000000E+000
 -1.458738748011689E-002
  0.000000000000000E+000
  0.000000000000000E+000
  0.000000000000000E+000
  0.000000000000000E+000
  8.517139760059222E-003
  0.000000000000000E+000
  0.000000000000000E+000
  1.222294709385389E-002
  1.514699146652312E-002
  0.000000000000000E+000
  0.000000000000000E+000
  0.000000000000000E+000
  0.000000000000000E+000
  8.962206287885785E-003
  0.000000000000000E+000
  0.000000000000000E+000
 -8.956358339812301E-004
 -4.687195587100517E-002
  0.000000000000000E+000
  0.000000000000000E+000
  0.000000000000000E+000
  0.000000000000000E+000
  0.000000000000000E+000
  0.000000000000000E+000
  3.191627314050968E-003
 -5.081856937903671E-002
 -5.072840747355998E-002
  0.000000000000000E+000
  0.000000000000000E+000
  0.000000000000000E+000
  0.000000000000000E+000
  0.000000000000000E+000
  0.000000000000000E+000
  2.724339239377932E-002
   9.57486946368467     
